					   #1

Case:1
1
12
12
13

Case:2
13
12
12
13

Case:3
1
12
12
13


					   #2

Case:1
1
12
12
13

Case:2
13
-12
12
13

Case:3
1
12
12
13


					   #3

Case:1
1
12
12
13

Case:2
-11
-12
12
12
13

Case:3
11
-112
-112
-101


					   #4

Case:1
1
12
12
13

Case:2
13
12
12
13

Case:3
1
12
12
13


					   #0

Case:1
1
12
12
13


					   #6

Case:1
1
12
12
13

Case:2
3
12
12
15

Case:3
1
12
12
13


					   #7

Case:1
1
12
12
13
-11

Case:2
1
12
12
13


					   #8

Case:1
1
12
12
13
-11
-6

Case:2
1
12
12
13


					   #9

Case:1
1
12
12
17
-7
-2

Case:2
1
12
12
13


					   #10

Case:1
1
12
12
17
-7
-2
-15

Case:2
1
12
12
13


					   #11

Case:1
1
12
19
17
-7
-2
-27
-10
-3

Case:2
1
12
12
13


					   #0

Case:1
1
12
19
17
-7
-2
-27
-10
-3

Case:2
1
12
12
13


					   #13

Case:1
1
12
12
17
-7
-2
-15

Case:2
1
12
12
13


					   #14

Case:1
1
12
12
13


					   #15

Case:1
1
13
18
25
12
19
17
-7
-2
-27
-10
-3

Case:2
1
12
12
13


					   #16

Case:1
1
13
18
25
12
12
19
17
-7
-2
-27
-10
-3

Case:2
1
12
12
13


					   #17

Case:1
1
12
12
25
12
12
19
17
-7
-2
-27
-10
-3

Case:2
1
12
12
13


					   #18

Case:1
1
12
12
25
12

Case:2
1
12
12
13


					   #19

Case:1
1
12
12
13

Case:2
2
0
0
14


					   #20

Case:1
1
12
12
25
12
12
19
17
-7
-2
-27
-10
-3
